0.9000 0.0000 0.0000
0.2000 0.8000 0.2000
0.1000 0.1000 0.1000
0.0000 0.0000 0.4000
0.1000 0.1000 0.1000
0.2000 0.8000 0.2000
0.9500 0.9500 1.0000
0.8000 0.0000 0.0000
0.8000 0.0000 0.0000
0.9500 0.9500 1.0000
0.9500 0.0000 0.0000
0.7000 0.1000 0.1000
0.1000 0.0000 0.7000
0.8415 0.9599 0.4612
0.8000 0.1000 0.1000
0.9000 0.2000 0.0000
0.0000 0.0000 0.9000
0.0000 0.0000 9.0000
0.8000 0.3000 0.0000
0.0000 0.0000 0.9000
0.0000 0.0000 0.9000
0.1897 0.3608 0.6226
0.3000 0.3000 0.3000
0.2000 0.2000 0.2000
0.7000 0.3000 0.1000
0.7000 0.1500 0.1500
0.0000 0.0000 0.7000
0.9000 0.0000 0.2000
0.0000 1.0000 0.0000
0.3000 0.2000 0.9000
0.6000 0.0000 0.0000
0.2231 0.2168 0.4476
0.4926 0.5694 0.4738
0.4749 0.0337 0.9540
0.9585 0.1539 0.2611
0.1897 0.3608 0.6226
0.1669 0.0840 0.5898
0.9613 0.2093 0.7781
0.4968 0.7924 0.9449
0.2000 0.8000 0.2000
0.8415 0.9599 0.4612
0.7628 0.9274 0.0642
0.0000 1.0000 0.0000
0.9780 0.0757 0.5789
0.6006 0.2426 0.6629
0.1904 0.2039 0.8722
1.0000 0.0000 0.0000
1.0000 0.0000 0.0000
0.2000 0.8000 0.2000