  0   4   5
  1   2   3
  1   3   4
  0   1   4
  0   5   6
  0   6  35
  6   8  35
  6   8   9
  3  10  11
  2  10   3
 23  13  24
 24  12  13
  5   4   7
  4  14  34
 15  16  18
 16  18  17
 14  20  18
 20  18  19
 13  22  23
 12  22  21
 14  34  37
 26  47  40
 21  32  24
 40  23  22
 21  12  24
 18  45  29
 32  27  32
 48  31  49
 24  34  32
 13  12  22
 21  40  22
 40  21  32
 51  28  44
 43  27  45
 27  45  46
 34  32  37
 40  37  32
 37  40  47
  7  37  47
 14  37   7
 26  15   5
 26  26  26
 40  26  23
 52  53  33
 30  54  55
 15  47  26
  5  15   7
  4  14   7
 15  47   7