0.9000 0.0000 0.0000
0.9000 0.9000 1.0000
0.0000 0.0000 0.5000
0.0000 0.0000 0.4000
0.1000 0.1000 0.1000
0.2000 0.8000 0.2000
0.9500 0.9500 1.0000
0.8000 0.0000 0.0000
0.6000 0.1000 0.1000
1.0000 0.0000 0.0000
0.9500 0.0000 0.0000
0.7000 0.1000 0.1000
0.1000 0.0000 0.7000
0.0000 0.1000 0.7000
0.8000 0.1000 0.1000
0.9000 0.2000 0.0000
0.0000 0.0000 0.9000
0.0000 0.0000 9.0000
0.8000 0.3000 0.0000
0.0000 0.0000 0.9000
0.0000 0.0000 0.9000
0.4000 0.4000 0.4000
0.3000 0.3000 0.3000
0.2000 0.2000 0.2000
0.7000 0.3000 0.1000
0.7000 0.1500 0.1500
0.0000 0.0000 0.7000
0.9000 0.0000 0.2000
0.2000 0.2000 0.8000
0.3000 0.2000 0.9000
0.6000 0.0000 0.0000
0.2231 0.2168 0.4476
0.4926 0.5694 0.4738
0.4749 0.0337 0.9540
0.9585 0.1539 0.2611
0.1897 0.3608 0.6226
0.1669 0.0840 0.5898
0.9613 0.2093 0.7781
0.4968 0.7924 0.9449
0.4397 0.5046 0.8281
0.8975 0.7368 0.2444
0.8415 0.9599 0.4612
0.2891 0.4525 0.0306
0.7628 0.9274 0.0642
0.7169 0.8859 0.2181
0.9780 0.0757 0.5789
0.6006 0.2426 0.6629
0.1904 0.2039 0.8722
0.9685 0.7007 0.6647
0.9135 0.1404 0.1692
0.7416 0.0378 0.9060
0.9860 0.8793 0.8659
0.4472 0.1684 0.3185
0.4777 0.9313 0.2459
0.5419 0.6481 0.1318
0.7600 0.6261 0.2075
0.3390 0.2267 0.4501
0.0019 0.4171 0.6539
0.9621 0.2651 0.4077
0.2985 0.1066 0.0503
0.4003 0.9562 0.7749
0.4194 0.1212 0.4941
0.3575 0.6350 0.2472
0.2746 0.7601 0.9763
0.4285 0.8812 0.2998
0.7983 0.7615 0.0496
0.7109 0.1184 0.6807
0.7378 0.9184 0.1139
0.4029 0.7716 0.4421
0.5529 0.8983 0.9459
0.2961 0.0754 0.8039
0.1749 0.1830 0.5893
0.6989 0.2557 0.1971
0.7756 0.1272 0.7182
0.2123 0.2129 0.7929
