  0   4   5
  1   2   3
  1   3   4
  0   1   4
  0   5   6
  0   6  35
  6   8  35
  6   8   9
  2  10  11
  2  11   3
 23  13  24
 24  12  13
  5   4  15
  4  14  15
 15  16  18
 16  18  17
 14  20  19
 14  18  19
 13  22  23
 12  22  21
 14   4  37
 23  47  40
 21  32  24
 40  23  22
 21  12  24
 18  45  29
 32  27  32
 48  31  49
 24  25  32
 13  12  22
 21  40  22
 41  42  43
 41  42  43
 41  42  43
 41  42  43
 41  42  43
 41  42  43
 41  42  43
 41  42  43
 41  42  43
 41  42  43
 41  42  43
 41  42  43
 41  42  43
 41  42  43
  0   0   0
  0   0   0
  0   0   0
  0   0   0
  0   0   0
  0   0   0
  0   0   0
  0   0   0
  0   0   0
  0   0   0
  0   0   0
  0   0   0
  0   0   0
 40  21  32
 51  28  44
 43  27  45
 27  45  46
 25  32  37
 40  37  32
 37  40  47
 15  37  47
 15  37  14
 49  50  51
 26  15   5
 49  50  51
 36  47  26
 36  47  23
 52  53  33
 30  54  55
 49  47  26
