0.296 0.304 -0.228
0.296 0.304 0.228
0.296 0.304 1.048
-0.296 0.304 1.048
-0.296 0.304 0.228
-0.296 0.304 -0.228
-0.296 0.304 -1.048
0.296 0.304 1.048
0.296 0.304 -2.196
-0.176 0.304 -2.196
0.296 0.304 2.196
-0.176 0.304 2.196
0.976 -0.004 0.200
0.976 -0.004 -0.200
-1.416 0.040 0.048
-1.416 0.040 -0.048
-1.480 0.040 -0.660
-1.736 0.040 -0.660
-1.736 0.040 0.000
-1.736 0.040 0.660
-1.480 0.040 0.660
0.956 -0.300 0.200
0.976 -0.300 -0.200
0.296 0.040 -0.320
0.296 0.040 0.200
-0.316 0.060 0.240
-0.296 0.160 -0.280
-1.388 0.020 -0.000
-0.696 -0.160 0.160
-1.780 0.432 0.000
0.500 -0.540 -0.536
-1.180 -0.540 -0.240
0.200 -0.360 0.240
0.460 -0.540 0.536
0.068 0.300 0.200
0.296 0.304 -1.048
-0.152 0.120 -0.360
-0.332 -0.280 0.220
-0.068 0.080 -0.160
-0.068 0.080 0.160
0.212 -0.360 -0.320
-0.068 -0.080 0.160
-1.780 0.020 0.000
-1.780 0.020 0.000
-1.191 -0.495 0.161
-1.448 0.465 0.037
-0.997 0.153 0.027
-0.311 -0.312 -0.292
-0.866 -0.133 -0.172
-0.649 -0.205 -0.220
-0.867 -0.080 0.028
-0.925 -0.099 0.119
0.373 -0.345 0.160
0.568 -0.335 0.160
0.381 -0.357 -0.259
0.640 -0.329 -0.259
